3 
26 41 
72 66 19 
22 55 97 25 
75 99 67 51 77 
13 8 85 93 1 87 
5 66 21 0 34 52 21 
15 7 41 33 45 52 54 80 
45 87 88 20 78 94 98 23 73 
18 50 56 47 60 48 90 98 63 48 
27 50 32 31 54 12 5 9 96 43 60 
63 4 86 60 48 73 34 10 54 74 89 17 
52 53 53 95 23 30 18 18 11 86 9 20 68 
66 96 72 43 1 10 45 1 29 60 33 71 87 26 
90 3 2 26 8 89 3 69 92 21 28 65 33 86 3 
20 75 93 33 28 92 81 47 97 32 19 98 74 45 7 35 
36 18 22 27 31 35 66 17 10 87 71 59 2 44 13 21 8 
47 71 35 90 45 13 26 8 56 88 48 27 22 18 97 34 22 4 
44 13 43 20 0 98 40 97 54 43 15 1 52 19 84 88 3 51 83 
47 95 50 40 15 76 71 23 23 99 29 55 77 32 28 47 74 98 28 16 
77 84 5 21 43 25 92 47 64 30 33 48 60 83 38 34 59 40 29 55 80 
87 71 75 22 71 91 6 1 43 84 34 26 12 82 21 77 89 69 68 3 74 23 
15 48 89 5 48 66 26 16 19 86 23 34 26 65 63 57 80 63 21 76 25 59 59 
1 78 29 72 91 79 92 98 95 98 9 9 74 22 16 19 28 71 79 76 84 33 67 3 
57 0 69 24 96 19 14 29 44 50 95 89 50 92 59 24 42 62 77 77 76 89 59 31 31 
59 95 7 15 33 61 8 94 62 98 71 75 69 24 49 33 9 21 32 71 60 7 92 30 12 93 
9 26 38 19 3 78 1 24 38 80 92 14 23 11 54 3 7 79 74 97 68 61 38 62 70 70 59 
13 72 65 49 82 77 3 3 68 63 61 6 55 65 53 77 29 53 22 66 27 70 43 19 65 77 5 32 
33 19 27 64 40 14 67 53 75 75 6 19 61 83 12 85 87 83 24 41 12 76 59 75 83 6 69 97 57 
27 35 6 98 69 46 7 0 62 85 26 57 55 55 95 4 42 51 47 76 58 63 15 60 89 50 42 41 14 52 
73 35 90 19 1 95 4 70 62 1 86 15 8 94 24 52 53 87 65 22 80 0 22 44 63 72 68 41 2 91 24 
3 79 7 86 53 94 42 34 95 93 29 22 48 80 83 74 58 44 64 31 94 36 8 11 65 63 45 77 83 44 3 32 
5 67 88 31 46 21 41 66 66 83 92 92 19 82 99 79 50 57 10 81 94 71 89 46 51 53 97 99 81 27 71 28 35 
36 57 15 64 43 5 48 56 64 37 95 21 0 95 90 88 29 95 25 18 44 29 64 33 41 41 6 62 57 28 55 75 90 11 
47 53 26 23 31 27 55 1 67 29 18 51 89 23 7 62 30 38 81 7 61 2 11 19 80 32 88 6 9 44 5 85 27 82 6 
76 0 32 58 45 87 38 45 95 44 46 73 48 49 62 61 95 29 8 26 93 67 90 78 77 73 15 43 49 0 0 39 77 5 92 0 
13 48 39 97 71 65 10 91 62 67 75 24 4 15 43 45 50 11 38 40 83 13 28 41 2 68 85 43 13 91 39 55 90 62 11 0 87 
26 40 21 53 44 25 5 21 87 96 45 38 87 96 80 36 61 20 73 73 22 60 12 41 47 31 42 43 92 91 38 40 64 79 38 9 70 65 
86 57 83 13 43 68 73 55 15 6 3 47 23 99 75 1 51 14 73 31 50 6 68 13 72 75 77 35 82 59 7 43 72 61 59 13 55 3 27 
96 19 58 66 26 2 55 55 51 12 58 88 70 28 74 62 81 98 54 57 84 96 34 12 12 19 39 42 95 17 82 50 75 80 91 8 48 59 55 38 
15 45 57 42 4 96 9 13 10 24 48 62 73 77 79 66 42 5 53 44 0 91 87 80 34 33 55 42 91 86 74 71 84 60 94 44 38 54 44 24 73 
53 52 78 76 46 33 30 40 48 83 69 42 11 93 35 4 65 4 95 57 27 84 31 7 27 76 66 95 85 91 28 3 41 85 4 69 64 18 86 56 6 58 
63 87 3 41 0 46 69 72 25 22 90 95 83 51 82 48 11 73 37 87 64 2 48 56 71 7 20 72 65 73 56 61 10 81 64 3 29 79 39 47 95 4 5 
78 99 32 73 85 30 2 49 18 30 73 84 40 25 42 20 8 49 66 89 29 29 71 52 79 26 69 98 7 54 50 71 97 0 23 59 14 5 12 39 38 93 86 51 
36 16 59 3 87 10 3 4 40 57 53 88 77 77 56 11 46 7 8 94 2 20 51 85 74 72 17 34 29 94 43 28 81 0 73 31 84 61 54 30 37 65 97 31 88 
75 16 2 97 18 14 9 53 71 79 41 66 60 54 59 0 11 23 30 63 47 84 47 18 90 92 46 27 80 33 49 17 18 69 19 3 90 74 4 54 75 39 78 70 46 51 
9 21 51 26 10 57 92 57 93 20 95 87 33 44 9 44 76 30 49 93 18 17 47 17 36 37 73 97 41 44 39 42 22 92 63 91 99 76 14 3 16 33 39 8 53 7 44 
6 3 98 31 53 85 75 75 4 67 18 49 10 2 34 69 35 82 67 56 65 22 94 21 21 79 8 93 51 61 75 47 6 43 21 60 42 17 59 24 70 14 64 18 49 64 96 68 
32 50 4 62 42 31 49 58 62 39 2 63 60 31 62 73 97 54 26 16 92 50 78 34 89 63 15 92 8 28 28 55 71 74 46 77 74 62 46 87 97 97 33 81 89 98 27 26 49 
93 7 85 16 6 76 39 3 97 33 16 11 96 76 90 82 45 75 52 59 60 26 36 40 18 13 80 68 86 45 28 63 1 53 58 73 8 14 57 43 54 92 44 47 23 62 44 59 52 9 
38 81 13 49 2 79 87 60 49 69 64 83 76 13 60 98 94 31 13 46 55 59 1 8 24 35 29 34 90 21 65 62 21 68 90 52 71 41 48 4 32 33 17 97 72 70 74 73 61 37 80 
22 49 44 66 2 2 9 74 84 33 76 76 70 70 58 36 50 52 49 17 36 48 79 46 53 55 49 16 41 49 2 6 81 94 6 32 95 54 74 70 16 24 16 50 5 85 20 51 10 95 56 95 
64 42 31 27 66 49 29 51 9 54 98 46 13 67 99 76 0 52 84 98 0 99 1 98 91 8 84 82 99 87 57 83 5 34 92 0 95 75 79 44 0 4 86 74 55 11 12 11 95 74 58 62 37 
78 73 24 90 17 27 54 90 49 1 47 8 24 35 70 0 31 79 83 85 68 88 94 5 84 36 16 37 88 44 34 13 92 76 98 22 56 68 88 37 90 2 6 60 83 39 82 25 43 65 36 96 86 20 
1 30 53 58 24 53 88 24 63 0 2 48 60 24 20 64 83 4 96 8 3 9 6 17 94 50 60 55 66 58 32 1 34 33 42 94 79 43 87 25 89 60 61 77 36 92 67 95 66 32 56 11 16 2 49 
39 23 8 45 6 84 80 44 22 58 44 67 42 35 73 36 42 25 67 85 87 98 46 76 14 81 64 37 64 27 37 47 41 16 52 60 13 55 41 86 46 24 35 51 75 41 97 26 35 93 46 88 32 84 32 83 
82 81 24 91 54 34 44 20 84 18 36 80 17 62 71 44 45 92 75 82 40 63 98 99 9 98 21 57 88 63 30 40 19 4 53 47 10 48 88 7 57 47 20 43 32 91 59 24 7 39 98 96 55 27 43 41 0 
53 19 42 66 79 91 58 89 89 53 72 44 10 62 76 4 2 97 77 54 68 0 96 2 14 71 32 34 59 99 86 44 44 53 87 11 9 46 68 92 45 53 8 28 76 88 49 22 14 92 53 59 3 78 41 94 38 76 
22 40 10 45 87 38 64 2 31 15 39 26 51 40 0 93 90 98 77 50 15 94 7 15 36 68 13 52 71 41 27 91 48 31 18 46 55 86 38 89 4 49 3 26 85 44 60 89 23 79 85 27 18 88 47 75 64 6 97 
38 77 39 66 51 60 6 26 55 92 93 85 38 13 28 0 69 79 9 92 35 23 59 17 43 12 28 44 15 3 12 57 9 55 82 98 41 3 60 9 94 74 19 34 62 7 91 73 51 88 74 32 42 87 99 4 99 38 30 41 
51 65 95 30 96 0 52 64 65 10 18 85 25 28 4 60 62 80 65 70 9 54 47 65 40 11 70 97 91 70 48 19 87 53 51 19 17 84 86 60 85 31 92 39 75 2 19 67 51 27 92 64 73 51 10 77 1 26 4 46 60 
20 5 3 34 86 26 51 49 20 86 90 71 34 34 20 29 31 75 3 70 0 7 9 41 93 93 86 98 39 66 15 58 55 86 80 38 61 34 54 59 70 47 73 67 83 32 0 58 6 5 53 37 27 8 33 87 91 94 17 25 39 51 
70 67 32 45 49 52 30 78 4 56 8 71 56 71 75 65 31 12 31 57 76 97 56 94 17 69 25 67 56 88 80 7 86 85 32 67 73 24 85 16 67 29 75 47 78 98 28 32 17 50 38 35 88 50 26 50 60 71 81 13 50 81 54 
93 19 95 70 81 58 40 6 67 47 26 8 15 77 65 64 2 47 94 88 73 72 45 51 9 92 13 29 91 81 25 7 64 27 49 28 28 75 36 9 25 88 60 44 18 46 77 40 29 88 90 21 82 38 62 27 7 95 59 6 44 68 32 23 
94 15 25 19 26 15 75 29 37 73 73 57 3 71 38 48 51 40 12 8 63 5 20 46 68 88 27 69 1 20 88 27 49 9 11 86 84 72 11 15 37 52 56 29 14 43 29 40 78 19 50 65 97 88 41 17 68 26 24 44 59 64 71 2 66 
90 61 94 27 16 17 62 99 78 34 56 39 71 81 36 94 74 42 43 68 10 63 51 8 41 4 2 13 40 44 72 56 89 44 99 89 70 52 42 36 63 84 46 94 73 71 56 45 99 96 48 29 18 6 8 47 41 0 90 89 67 8 16 45 7 59 
24 94 77 36 41 5 86 74 80 50 42 78 40 40 61 38 28 11 65 55 17 52 64 33 1 43 51 65 0 96 9 57 54 59 96 91 0 83 66 95 37 19 76 50 81 27 96 15 37 28 30 59 58 83 28 38 25 67 20 48 21 14 31 85 34 88 46 
67 53 27 11 35 78 97 1 41 57 16 1 34 54 33 60 76 8 40 76 33 62 37 33 36 30 29 14 32 39 62 31 0 86 52 35 94 88 82 0 87 91 50 18 63 22 32 95 87 51 7 36 69 68 31 70 25 7 87 12 88 47 13 93 25 4 82 80 
81 57 48 10 3 38 84 43 31 11 85 67 79 23 4 52 61 18 46 63 78 6 61 13 94 3 54 17 41 11 91 31 73 25 76 87 67 70 31 25 99 32 73 75 47 39 88 81 0 81 58 98 11 7 1 14 85 8 39 0 51 19 48 59 86 30 16 39 39 
47 9 63 99 15 76 36 86 71 77 25 58 33 84 43 72 53 44 67 22 27 53 16 40 25 35 91 5 23 50 65 34 56 26 34 81 44 79 97 13 9 61 7 59 38 69 38 95 81 4 48 99 3 44 22 77 35 39 2 50 13 62 5 81 55 69 48 19 1 13 
2 88 89 20 93 64 45 34 83 54 27 98 69 4 71 48 18 39 23 98 16 84 69 61 27 55 89 36 57 81 61 9 41 27 62 13 12 74 70 9 21 44 16 82 70 10 33 0 55 92 72 87 11 21 69 11 21 45 60 88 62 48 26 46 47 74 5 19 73 22 14 
28 33 63 14 74 27 50 88 85 10 84 6 93 67 93 78 17 16 7 60 41 25 39 98 53 15 62 54 81 95 46 29 97 54 12 29 24 92 95 71 77 80 22 85 91 37 97 32 9 82 46 81 83 7 8 46 25 83 10 20 49 27 46 44 19 40 32 30 28 56 18 27 
29 64 20 97 78 81 2 32 55 78 33 40 90 39 64 26 94 95 29 63 21 51 33 87 40 85 70 14 37 57 20 21 25 34 84 76 43 12 31 73 54 53 9 78 32 61 12 99 33 94 93 65 80 21 96 9 11 20 19 16 29 88 6 35 50 33 77 29 22 78 32 36 93 
83 31 51 94 51 24 18 37 21 50 41 38 99 76 43 60 93 41 30 85 27 71 47 53 74 33 71 98 82 13 22 89 78 80 5 40 91 76 42 6 34 84 7 80 44 55 46 31 6 57 20 38 5 35 80 26 30 69 17 89 49 51 88 35 13 93 15 11 55 71 85 7 60 31 
1 20 24 53 31 75 92 48 82 45 15 13 16 43 80 63 96 30 46 49 39 28 21 89 72 96 75 36 79 47 97 51 49 49 68 40 63 94 20 71 60 25 88 95 99 74 71 59 82 49 60 28 23 98 64 72 33 21 49 31 55 89 5 81 64 41 51 69 88 51 77 33 66 14 74 
72 6 97 68 9 23 32 91 83 37 92 28 18 75 71 75 59 59 14 89 81 15 86 45 98 95 89 38 15 52 18 74 67 36 53 32 43 89 20 31 72 46 10 0 44 75 27 73 82 34 12 47 36 5 4 80 47 62 8 12 66 40 41 93 85 54 66 44 16 72 79 80 23 2 21 85 
18 37 39 40 15 32 48 77 41 82 47 75 18 63 45 68 8 97 31 36 74 7 18 98 65 25 52 39 10 58 10 62 6 57 64 7 43 8 23 70 97 62 57 3 9 89 63 73 5 57 57 54 57 50 2 86 16 65 10 26 28 96 3 97 80 16 34 94 96 1 85 68 92 86 79 87 67 
90 53 40 61 43 5 57 39 83 61 82 64 29 44 82 70 13 44 66 90 80 28 10 45 23 15 60 92 72 50 98 43 47 66 63 80 97 96 90 82 62 20 56 48 67 78 54 9 44 12 38 37 41 11 22 73 15 64 33 52 85 78 2 17 22 6 6 26 85 10 42 18 30 53 48 20 75 13 
40 51 25 31 21 64 8 19 33 55 58 30 86 55 16 60 62 69 57 42 96 46 1 62 4 11 4 91 35 29 10 74 68 76 53 24 56 57 28 8 21 72 28 91 75 40 85 61 70 24 71 67 94 92 21 55 91 14 95 95 61 89 28 52 86 6 47 80 51 6 86 11 49 18 33 60 0 15 5 
56 36 14 59 83 21 93 31 98 94 71 27 50 33 15 14 36 97 86 31 33 9 8 51 56 72 40 57 58 13 24 32 21 53 7 96 13 69 10 85 12 87 19 12 31 45 42 58 78 31 97 82 39 28 65 78 3 64 25 46 47 42 42 44 9 37 41 32 35 95 38 52 49 76 67 12 3 33 58 48 
85 58 31 91 79 51 69 41 64 6 74 16 41 97 85 77 99 35 91 97 86 83 6 62 89 58 8 31 77 34 81 23 29 80 79 22 98 17 7 92 54 76 84 17 27 61 11 83 85 26 71 47 48 87 0 50 63 55 20 52 56 42 94 34 77 38 38 34 37 49 9 62 7 39 56 14 99 55 66 79 22 
51 71 30 51 6 99 54 87 55 84 18 53 9 99 7 30 91 12 51 43 3 49 20 57 39 15 53 10 48 50 19 55 99 53 87 79 26 84 41 98 93 77 16 81 29 55 94 18 68 25 67 77 42 37 87 70 43 78 16 32 72 57 38 73 27 70 78 74 72 51 87 45 93 16 14 5 20 52 7 11 29 46 
52 50 19 47 37 51 79 6 21 14 7 95 50 15 74 92 12 9 1 77 80 11 13 45 90 55 26 92 55 27 6 43 85 24 53 74 2 41 82 78 83 34 74 81 21 77 16 73 38 81 10 62 25 50 46 78 96 66 99 53 4 69 31 60 82 12 95 71 21 72 55 72 47 25 31 96 26 55 40 13 52 55 34 
11 98 66 83 98 83 49 68 29 56 31 64 70 13 83 84 11 24 86 80 18 4 99 69 50 40 11 21 99 35 73 57 87 39 3 97 52 20 75 77 91 0 44 34 91 80 92 3 30 13 83 34 50 68 65 88 25 53 39 67 5 37 35 75 41 15 97 29 76 14 11 32 0 65 85 36 28 23 16 94 21 11 4 41 
38 9 12 1 52 27 11 24 61 68 17 66 22 55 19 41 59 42 77 8 58 81 25 2 48 69 62 75 20 5 38 2 20 28 68 56 55 98 11 45 6 85 29 64 78 67 20 81 40 39 90 88 96 51 84 63 50 25 0 46 42 66 9 20 61 93 80 53 14 54 49 28 71 65 87 82 56 87 48 3 41 88 86 44 1 
62 88 51 60 70 30 88 63 11 84 76 27 75 11 42 77 33 68 1 60 50 14 92 62 11 21 72 0 5 7 95 59 26 28 24 28 56 11 87 45 0 21 97 0 64 6 78 73 20 12 12 96 29 23 20 24 97 75 67 10 82 89 27 85 23 44 7 2 58 87 29 58 81 52 51 9 28 74 36 17 77 41 95 51 28 14 
19 57 98 82 42 71 65 28 12 60 28 26 29 12 5 76 57 37 17 14 28 57 25 54 15 94 34 0 77 92 82 47 35 53 21 42 41 15 90 23 49 78 62 86 3 67 1 69 84 86 73 29 51 18 6 2 72 79 37 17 23 48 42 88 23 39 71 76 31 63 30 93 37 19 13 27 88 85 57 41 60 99 0 78 87 73 58 
66 54 19 89 63 79 9 41 3 91 42 63 96 90 88 52 0 1 34 57 88 92 27 11 85 77 78 3 64 0 62 96 13 0 91 92 32 6 25 73 71 65 47 46 90 38 40 81 30 65 4 26 65 71 47 30 33 1 13 43 0 10 48 62 55 24 92 96 58 96 66 84 88 21 30 70 2 84 39 21 53 94 75 63 47 9 39 79 
96 33 77 53 53 35 93 86 75 88 48 24 36 60 9 80 52 63 61 30 57 62 13 37 25 9 62 93 36 10 76 31 4 96 47 87 75 25 36 77 50 87 9 29 37 4 98 44 75 0 58 98 38 8 67 78 36 28 78 49 98 91 83 43 20 75 14 21 16 62 84 70 93 41 19 38 85 43 38 0 4 88 16 84 74 39 9 24 92 
44 38 52 39 30 17 78 27 61 1 57 32 9 67 41 80 36 55 10 44 2 54 62 29 61 18 45 81 44 97 38 62 26 33 37 21 8 98 33 3 7 26 80 5 9 27 15 58 66 39 18 26 31 38 21 60 65 26 61 1 88 11 78 14 77 24 25 46 5 84 40 92 41 89 73 26 94 72 92 77 7 64 80 31 99 76 62 22 95 32 
82 15 34 81 12 25 68 43 51 68 64 39 8 98 37 5 69 64 39 4 32 34 67 18 73 48 57 23 84 27 79 80 91 41 1 95 30 9 43 54 43 99 97 36 40 13 3 73 5 2 4 15 49 14 47 17 93 37 10 48 12 64 55 4 81 39 14 41 37 88 40 70 9 86 54 50 68 93 31 23 48 59 78 12 17 78 60 94 86 82 44 
38 6 98 37 93 56 47 99 71 62 24 4 24 79 64 35 99 74 59 34 92 9 85 73 54 81 34 10 8 23 97 69 36 63 17 60 46 67 36 97 40 23 18 25 34 96 90 86 41 15 78 17 66 26 61 12 82 67 20 32 34 79 62 37 15 53 39 39 76 45 53 77 67 40 2 11 27 97 76 25 13 75 9 83 77 25 16 82 7 70 39 62 
58 20 66 28 9 6 44 36 55 33 13 8 86 19 15 65 71 44 33 68 90 33 97 91 2 61 8 97 78 96 0 82 1 70 87 24 88 65 32 6 68 50 9 17 2 47 24 70 72 87 39 49 99 60 8 68 19 22 9 24 57 51 53 89 78 62 99 38 43 28 50 99 43 20 74 69 54 1 68 26 64 14 92 65 97 41 1 23 56 93 64 73 9 
83 19 60 51 11 26 35 61 87 39 48 96 47 99 77 89 41 4 20 20 70 50 82 8 97 99 79 69 80 89 44 14 39 4 47 5 90 59 31 42 14 93 25 44 30 95 49 5 16 19 78 2 51 88 33 1 93 19 66 25 49 21 28 85 25 87 90 51 68 81 88 48 7 69 32 7 49 47 2 70 30 77 64 96 97 5 0 71 69 38 7 96 37 8 
48 32 83 42 93 35 30 37 15 95 60 31 25 54 0 88 36 7 56 95 58 66 71 13 76 93 46 4 86 27 56 62 93 48 7 90 33 35 22 20 99 12 57 90 90 38 20 7 38 27 72 87 34 82 86 14 20 25 72 88 89 42 9 16 95 54 49 53 37 26 35 43 77 42 76 14 64 17 10 14 82 25 57 2 78 75 83 79 37 85 48 24 75 83 40 
0 97 70 28 1 64 54 79 8 15 19 25 70 63 34 41 89 39 99 68 89 58 94 82 84 41 75 53 56 38 23 62 39 52 37 69 81 58 71 33 37 71 73 40 80 72 5 46 3 98 66 74 76 54 0 50 39 11 98 50 78 84 68 59 43 26 32 2 19 34 35 2 46 33 5 83 39 90 44 34 34 7 48 96 78 73 35 77 40 87 67 53 5 92 14 14 
23 27 37 94 67 1 78 93 68 59 95 48 91 23 29 15 45 70 17 27 63 70 27 93 6 93 8 89 38 22 82 17 27 66 48 79 37 80 4 46 35 51 56 46 76 78 63 24 38 85 41 25 54 8 84 99 58 90 93 3 50 2 84 47 83 77 88 58 58 56 5 19 2 18 1 70 3 68 64 15 7 0 62 98 48 95 44 20 87 89 67 32 26 36 63 39 26 
15 84 29 45 97 85 38 49 83 81 99 13 86 12 39 21 26 81 80 2 49 71 1 96 43 50 39 55 13 88 17 2 27 81 63 99 22 22 23 51 62 14 42 62 41 32 8 62 10 82 64 87 11 11 37 38 10 81 52 81 13 41 14 15 56 75 44 98 77 42 29 54 14 69 22 27 0 71 42 96 29 18 11 23 15 16 5 20 10 4 26 11 20 58 89 97 26 17 
71 67 42 7 90 3 59 32 60 29 59 96 85 86 26 32 34 67 28 36 77 67 88 47 17 1 88 58 67 58 37 71 91 99 26 73 66 10 87 78 55 22 71 52 13 10 6 77 45 95 37 10 43 4 46 7 6 61 46 44 27 81 13 43 19 7 14 99 4 84 83 25 77 72 62 88 95 84 4 2 9 42 85 39 32 18 47 1 1 37 37 37 93 74 35 7 92 76 45 
79 18 15 77 94 6 3 73 44 77 27 95 49 31 30 19 61 98 17 20 93 20 97 46 27 19 83 49 83 92 88 29 78 13 83 37 36 17 32 53 85 83 33 68 25 22 83 59 77 84 79 60 57 24 39 77 74 62 36 91 17 67 2 88 24 87 24 16 57 85 46 48 21 48 82 72 85 8 9 42 42 10 22 14 57 37 1 63 49 75 23 4 37 72 95 41 88 59 78 86 
