76 
8 90 
19 44 7 
92 12 33 54 
3 14 95 63 41 
10 21 1 61 25 89 
14 77 76 47 81 20 46 
41 69 14 87 93 11 67 35 
15 13 8 94 1 20 77 93 32 
51 72 49 57 7 76 41 72 76 49 
99 91 70 47 76 71 68 70 68 19 49 
25 29 45 29 15 85 64 31 2 11 26 30 
64 47 84 36 43 5 67 68 7 62 18 82 69 
89 81 70 87 25 29 86 84 40 0 85 2 46 61 
7 3 60 61 69 32 96 66 18 19 47 36 1 0 26 
39 56 68 73 13 49 92 58 7 67 91 42 68 10 38 11 
87 78 14 88 30 7 1 16 76 31 6 4 31 79 98 11 74 
43 67 92 75 85 31 56 93 26 1 62 28 44 82 14 19 14 82 
37 87 63 25 47 76 21 93 16 26 68 13 89 51 84 30 87 22 91 
76 64 73 33 91 32 89 29 12 88 76 21 74 82 35 2 97 77 84 50 
